numBS: 19
types(D=1,T=2,S=3): 1 1 1 1 1 3 1 1 1 1 1 1 1 1 1 3 1 1 1 
distances: 29 46 34 56 40 11 33 20 144 79 49 15 91 13 10 39 49 33 
binding_affinities: 9.43 9.68 14.31 12 8.31 9.34 15.68 9.17 8.91 9.6 11.91 12 10.37 8.57 7.71 7.79 11.14 11.31 9.34 
numOverlapping: 0
Overlapping_distances(from_center_to_center): 
type_Interactions(none=0,NN=1,allN=2): 1
type_Cooperativity(fixed=0,binned=1,ProteinBinned=2,Log=3,Linear=4,Gauss=5): 1
If_binned_coop_numBins_and_sizeBins: 2 25
type_Quenching(fixed=0,binned=1,MSB=2,Log=3,Linear=4,Gauss=5): 1
If_binned_quench_numBins_and_sizeBins: 10 10
scaling_factors: 0.026836 0.057458 12.4865
cooperativities: 10.4544 0.0105038 100.078 14.0449
quenching: 0 0.846485 1 0 1 1 0 1 0 0 0 0 0 0 0.897664 0.885678 1 1 0 0